([13, 26, 13, 1], [array([[ -2.3661516 ,   9.13479478, -11.22073911,  -5.55718992,
         -3.63347853,  -3.16687035,   1.3207367 ,  -2.25433563,
          5.2865657 ,   4.19811024,   4.48194891,  -6.51957864,
         -3.52153548],
       [  1.01534944,  -5.97573761,   2.56757925,   3.50633965,
         -3.83676516,  -1.07649897,   1.63043928,  -3.52324056,
          1.61795147,  -2.67448932,   2.84072603,   2.45470658,
        -11.49711883],
       [ -0.55501337,   0.50576781,  -4.29822415,   8.00871178,
          0.76962637,   4.82199495,   8.57382613,   7.98259691,
          6.44358431,  -5.26529638,  -7.24315044, -12.85560031,
         -1.08164641],
       [ 11.25934764,   6.13005723,  -3.92169455,  -3.25265437,
         -1.31976177,   1.29331905,   3.01760502,  -2.64631065,
          1.31774542,  -5.22857245,   4.66133989,  -1.46606835,
          6.94160885],
       [  3.2154781 ,  -2.8083288 ,   3.71280955,  -1.83715806,
         -0.5034189 ,  -9.35750684,  -1.15856992,   6.81108645,
         -2.50889834,   1.32954007,  -4.11757578,  -2.56275193,
          2.97629035],
       [ -0.4054094 ,  -7.79708267,   0.73056134,  -5.39675672,
         -4.30616126,   6.60975146,   5.43839942,   9.78913023,
          2.82254578,   1.96420702,   0.07912186,   1.11215627,
          0.02204113],
       [ -9.20970403, -11.11852624,   0.6601425 ,   1.04769199,
          1.31971028,   4.45408796,   0.6091022 ,   2.53474926,
         -8.54783853,   4.68584794,   0.43824838,  -6.51914503,
          2.17457601],
       [ -8.84827305,  10.97720925,   9.9696788 ,   9.69501569,
          2.37590741,   5.42005293,   0.07435173,  -1.09876196,
          7.03622555,  -2.47214879,   1.28193749,   2.01311165,
         -3.87748349],
       [ -5.87281944,  10.72357964,   5.26978322,   1.04989961,
         -6.70270578,  10.96511654,   3.37976089,   2.47346276,
         -1.52691537,  -8.09008434,  -1.20015428,   1.37457111,
          1.73636943],
       [  1.10689865,  -3.24907987,   5.00623577,  -1.57969645,
          7.50204367,   2.48797301,   2.77732044,   3.97210508,
         -0.26388223,  -5.5958567 ,  -5.77390103,  -6.34554149,
          5.33668805],
       [ -3.48875524,  -7.20493617,   1.54637265,   8.62687433,
         -2.70116857,  -2.90964855,  -6.55818101,   1.42781572,
          2.49254242,  -2.79178761, -11.61292218,   0.7017413 ,
          1.85528701],
       [ -1.46860666,   6.76174792,  -5.04566846,   0.71633581,
          0.46365623,   5.06499988,  -0.20978293,   1.12455532,
         -3.30670351,   4.87712361,   3.16406452,   4.33590116,
          6.62384597],
       [ -2.73724042,  -3.12106978,   2.77625648,  -0.97227907,
         -3.24897448,  -0.38097336,  -2.93632235,   2.02935995,
        -13.80252199,   5.89839163,  -0.21683315,  -3.90208961,
         -1.09684731],
       [ -3.03561612,   2.26764055,   3.82613104,   4.53150327,
          2.50309726,  -0.57212827,  -0.97158327,  -0.64983037,
         -9.79075471,  -4.24436771,  -8.01706573,  -6.99636853,  -5.6403903 ],
       [ -0.95204437,  -1.00099611,  -2.2106997 ,   1.28454568,
          3.61957365,   2.73455238,  -5.10012197,  -2.88534133,
         -6.1087362 ,  -2.90705574,   3.79765079,  -6.27562691,
          1.77614456],
       [-17.61327008,  -7.11868228,  -2.1057912 ,  -8.23118679,
         -2.08089858,  -2.48033409,   8.28927146,  -1.4884206 ,
          6.30161309,  -0.81071878,   1.94726254,   3.76840122,
         -2.64646395],
       [ -3.77069779,   1.41348812,   1.60470617,   1.84021449,
         -1.79774385,  -1.80817949, -10.38452249,   5.31686604,
          1.54967596,  -2.90087567,   3.42073277, -10.52674378,
         -3.31315009],
       [ -3.50276154,  -9.32332491,  -3.38821429,  -2.87286491,
         -2.45983276,   5.66535751,  -6.55979076,  -0.20269735,
         -1.05403927,  -2.18925812,   3.880758  ,  -8.38195763,
         -6.63356927],
       [ -1.67330967,   4.316128  ,   2.03568208,  -6.93634707,
         -3.26619386,   4.50318701,   1.03386963,  -1.49844437,
         -8.62461019,  -3.56738637,   0.91194352,   0.22897282,  -4.7723793 ],
       [ -7.91735783,  -1.2061023 ,  -3.27814503,  -3.50960526,
          2.95413646,   5.67856896,   1.89468384,  -4.10226143,
          3.31339107,   1.7265234 ,  -5.63174572,   6.93979046,
          1.81775773],
       [ -0.74182913,  -5.2362308 ,  -3.03306092,  -1.5088323 ,
         -0.42921442,  -7.11835305,  -1.9699317 ,   3.51520779,
          1.29716459,   1.21663437,   4.52139909,   3.50104098,
          2.47473102],
       [ 14.91448901,  -2.45701986,  -3.72600709,  -2.12511643,
         -0.38929974,  -1.68772009,  -4.34140558,  -1.62114339,
         -1.07172673,  -5.32149849,   1.41436014,   4.02466123,
          5.79035935],
       [-13.4821471 ,  -5.26882624,  -5.7839265 ,  -2.98761647,
          1.00423316,  -4.00452809,  -0.38357572,   5.66940145,
         -1.30979288,  -4.15108176,  -0.24423436,   6.3313466 ,
         -0.22838602],
       [ -0.2003108 ,  13.29276227,  -1.96194425,  -0.46324358,
         -2.12380959,   3.57976021,   4.98828506,   5.71052459,
         -3.22395587,  -6.95305272,   0.48140483,  -8.267764  ,
         -1.47230275],
       [  8.73729476,  -2.7852478 ,  -0.97498886,  -6.08282181,
          6.5997619 ,   3.34552841,   0.5338102 ,   0.53256163,
          4.12518935,   0.2536127 ,  -2.07408487,  -0.08380078,
          3.57850048],
       [  8.01868486, -11.15578599,   1.6150022 ,  -2.34179412,
         -1.435846  ,  -2.38794326, -14.39005229,  -5.16235744,
         -0.50664666,  -2.64009111,  -4.93933743,  -4.46429652,
          7.54273148]]), array([[ -1.71405536e+00,  -3.04440304e+00,   7.60413051e-01,
         -7.54652654e-01,  -3.78388435e+00,   2.42711338e+00,
         -4.23581387e+00,  -4.81847503e+00,  -1.33744253e-01,
          2.18951682e-02,  -2.92984671e+00,  -5.56707786e+00,
          1.73183740e+00,   1.07181620e+00,  -2.63362731e-01,
         -6.48390711e+00,   1.98184797e+00,   6.00713460e+00,
          4.09741954e+00,   3.51083860e+00,   2.50071616e+00,
          4.21456797e+00,   7.46555379e+00,  -4.06930197e+00,
         -1.58005065e-02,   4.33705615e+00],
       [  3.36578657e+00,  -1.52090609e+00,   5.33245622e-01,
         -2.02883366e-01,  -2.38782637e+00,  -7.60257015e-01,
         -3.49977745e-01,  -4.28725925e+00,  -2.53898151e+00,
         -2.69263771e+00,   3.16233546e+00,  -1.12895207e-01,
          6.22238075e+00,  -7.76430442e-01,   1.64786005e+00,
         -4.25354929e+00,   2.20243779e+00,   4.88043515e-01,
         -1.37814743e+00,   1.08144162e+00,   1.40838678e+00,
          1.07188236e-01,   2.51937396e+00,  -3.17923995e+00,
         -2.95210624e-01,   1.78521922e+00],
       [  9.20329235e+00,  -1.04852161e+00,  -3.51458293e+00,
         -3.04473760e-01,   3.35422243e+00,   5.76856468e+00,
         -5.23325568e+00,  -1.96229756e+00,   4.99436850e+00,
         -7.11657573e+00,  -1.84855603e+00,   2.21683378e+00,
         -3.95385662e+00,   1.35537033e+00,  -1.82037640e+00,
         -1.31585695e+00,  -3.76051024e-01,  -4.93672648e+00,
         -5.02610731e+00,   5.72753981e+00,  -4.35997868e+00,
          6.53151057e+00,  -3.40069535e+00,   3.39608279e+00,
         -4.98269096e+00,   6.22155739e+00],
       [ -2.88606211e+00,  -4.21784852e+00,  -2.92988391e+00,
          3.90497171e+00,  -8.64682851e-01,   1.37622992e+00,
         -9.04652432e-01,   9.08198417e-02,   5.32921842e+00,
          6.96841831e-01,   4.67128736e+00,  -8.12436825e+00,
          5.21834902e+00,   5.71225269e+00,  -1.53336717e+00,
         -4.72379375e+00,  -1.35218243e+00,   2.51616740e+00,
          5.04991697e+00,  -2.51731705e+00,  -4.51630897e+00,
          9.98282243e-01,   2.60698413e+00,   5.83765425e+00,
         -5.06377787e+00,   6.02455363e-01],
       [ -3.72748140e+00,  -1.66621208e+00,  -5.54227425e+00,
         -5.43260449e+00,  -3.24814306e+00,   2.39315659e+00,
          1.60009183e+00,  -1.42402624e+00,   5.84666224e-01,
         -5.96147262e+00,   8.22302917e+00,  -6.45484860e+00,
          1.64133064e+00,  -7.49108473e-01,  -2.65763414e+00,
         -1.30928673e+00,   8.38007413e+00,   3.47732487e+00,
         -1.75182399e+00,   2.97991848e+00,   2.41911074e-01,
          3.55281172e+00,   1.73872400e-01,  -1.69257814e+00,
         -3.71868988e+00,   6.00912020e+00],
       [ -5.73402473e+00,  -1.97328940e+00,  -4.22634175e+00,
          7.60059494e+00,  -1.78757602e+00,   6.52745779e+00,
         -5.96560403e+00,  -2.44364770e+00,   6.52920751e+00,
          1.00219859e+00,   1.65358372e+00,   1.80052643e+00,
         -3.90488792e+00,  -1.59353945e+00,  -5.33254659e+00,
         -6.55934330e+00,   5.92701114e+00,  -6.78835878e+00,
         -2.31864956e+00,  -7.09458261e-01,   1.87145660e+00,
         -1.87590468e+00,  -6.51166968e+00,   3.54537509e+00,
         -3.55219674e+00,  -1.96123740e+00],
       [  1.36360506e+00,  -3.82411026e+00,   3.05391875e-02,
         -1.44417279e+00,  -2.14183098e+00,  -9.38444410e-01,
          1.12552613e-01,  -1.22013408e+00,   3.18032333e-01,
         -3.16354502e+00,  -5.89476084e-03,  -7.93322915e-01,
          1.30345891e+00,   3.41506904e+00,   7.89859342e-01,
         -8.74935900e+00,   6.01563485e+00,  -9.45482616e-01,
          6.65586481e+00,   2.17568221e+00,   1.06524256e+00,
          5.18979909e+00,  -9.97336982e-02,  -2.65542352e-01,
          1.41961009e-01,   6.21815605e+00],
       [  7.06618661e-01,  -8.27203400e-01,  -7.37507628e-01,
         -5.90801759e-01,  -9.56577202e-01,  -2.06265631e+00,
          2.06456656e-01,  -3.12942410e-01,  -3.12452300e-01,
         -1.74055156e+00,  -1.62423444e+00,  -2.49946922e+00,
         -8.93406049e-02,   4.55515539e-01,   3.75538270e-01,
         -2.36488338e-01,  -1.28472375e+00,  -1.91141892e-01,
         -6.46588378e-02,   3.89280658e-01,   3.40354267e-01,
         -4.78530727e-01,  -1.03643691e-01,   4.33740290e-01,
          1.00761777e-02,  -3.58000756e-01],
       [ -7.91580267e+00,   5.33507170e+00,   6.03117971e+00,
          2.80718277e+00,   4.20405918e-02,  -1.31449220e+00,
          1.53958998e+00,   6.58906154e+00,  -4.09223380e+00,
          3.35888300e+00,  -5.05578063e+00,   2.08423620e+00,
          2.08275914e+00,  -8.06778662e+00,  -2.82551340e+00,
         -3.79101800e-01,   6.04390622e+00,  -8.28552712e+00,
          2.70438496e+00,  -4.90262752e+00,   3.25007479e+00,
         -1.65714814e+00,  -3.87168634e+00,  -1.60571930e+00,
         -4.30901429e+00,  -4.16955768e+00],
       [  1.65888042e+00,  -5.58249147e+00,  -1.31101546e+00,
          4.07812841e+00,   1.44786949e+00,  -1.25794007e+00,
         -7.09974613e+00,  -1.01746832e+00,   2.90851277e+00,
          2.81876685e+00,  -1.23411082e+00,  -5.62537265e-01,
         -2.22962405e+00,   2.62208408e+00,  -1.04295665e+00,
         -2.66413364e+00,   4.41677181e-01,  -6.14352033e-01,
         -4.88036405e-01,  -5.24087883e-01,  -4.71839028e+00,
          8.73794966e-01,  -3.33639857e+00,   3.61449526e+00,
          5.05852577e+00,   2.81283657e-01],
       [  3.35725610e+00,  -2.14377587e+00,  -8.94387771e+00,
          5.15811924e+00,  -8.36755765e-01,   4.45617141e+00,
         -2.48966345e+00,  -5.00686975e+00,   3.91129817e+00,
         -5.75412333e+00,  -2.51936919e+00,  -2.17777371e+00,
         -5.22477467e+00,   5.13240995e+00,  -5.19714051e+00,
         -2.82679655e+00,  -3.20480326e+00,   4.91023067e+00,
         -3.94317933e+00,   1.68813631e+00,  -3.84441839e+00,
          3.49712377e+00,   3.66538620e+00,   8.57694108e+00,
          3.76137739e+00,   1.40759797e+00],
       [  8.27262201e-01,   2.59724317e+00,  -1.00932261e+00,
         -8.54855182e-01,  -8.70399039e-01,  -1.47844439e+00,
         -4.48036485e+00,  -1.07358590e-02,   2.14291631e+00,
          3.49808473e+00,  -2.76259650e+00,  -2.28455454e+00,
         -1.75450126e+00,   7.33409856e-01,  -1.16803415e-01,
         -8.50637002e+00,   1.98742294e+00,   1.25941689e-01,
          4.53301138e+00,   3.09248824e-01,  -2.72390733e+00,
          1.04211299e+00,  -7.10208191e-01,   2.17008671e+00,
         -7.16103938e+00,  -2.54436580e+00],
       [  7.72837013e-01,  -2.96025081e-01,  -3.87117263e+00,
          1.21328094e+00,  -6.50840571e+00,   5.51972150e+00,
         -4.82743657e+00,  -5.57052084e+00,   5.30897825e+00,
         -1.61407794e-01,   3.13351095e+00,   2.33943561e+00,
         -5.90131595e+00,   2.64735095e+00,  -4.34669442e+00,
         -4.18772095e+00,   3.65016329e+00,  -3.19095362e+00,
          1.06721831e+00,  -6.51905023e+00,  -2.25738925e+00,
          7.17340231e+00,  -7.34570995e+00,   1.61693442e+00,
          4.33718332e+00,   5.78942746e+00]]), array([[-16.33519868,  -4.14017363, -13.59488669, -13.49642767,
        -14.87878141, -16.59191934, -10.92974069,   2.02272724,
         13.79579378,  -9.33864539, -11.29020782,  15.20315561,
        -13.72417673]])], [array([[-0.34757301],
       [ 0.19426527],
       [-4.40438501],
       [-1.85656361],
       [ 1.33375251],
       [-2.30430723],
       [-3.53089984],
       [-2.84668932],
       [-4.31747015],
       [-2.55560204],
       [-2.03098416],
       [-2.75324891],
       [-0.86013401],
       [ 0.44788196],
       [-1.38376749],
       [ 1.9930604 ],
       [ 0.26111896],
       [ 0.66894148],
       [ 1.11654524],
       [-1.76053567],
       [-1.52504335],
       [-1.82797808],
       [-1.09766682],
       [ 2.3633526 ],
       [-5.14225539],
       [ 0.13991497]]), array([[-0.99498748],
       [-0.32388993],
       [ 2.80984778],
       [ 1.67140833],
       [-0.73273984],
       [ 0.01946616],
       [-0.31719639],
       [-1.87032664],
       [ 3.67996291],
       [-1.13982617],
       [-0.61650694],
       [ 0.3272546 ],
       [ 1.45525556]]), array([[-8.99468627]])])