([13, 26, 13, 1], [array([[ -0.11464578,   8.79839605,  -4.47449812,  -2.74786802,
          0.78419825,  -2.00018856,   3.16586242,   3.75359601,
          0.27915877,  -0.04355419,  -2.47693139,  -3.13870112,
          0.80812892],
       [  9.52528592,   1.24854285,   1.88479046,   1.35636989,
         -0.57783766,  -2.84733233,   1.19677553,  -1.88414535,
         -0.8612711 ,  -1.95811788,  -1.80021774,   5.88240027,
         -5.79553118],
       [ -2.49929289,   0.97726075,  -3.84529237,  -1.87713939,
          1.26354854,   3.27476833,   0.30310279,  -0.58872803,
         -0.99095153,   0.62062515,   1.62984069,  -5.4516815 ,
         -3.62160795],
       [  2.4709679 ,   3.0884176 ,  -1.58084975,   0.02996792,
         -1.67801469,   5.63872487,   0.49524384,  -4.79607795,
         -2.44706155,  -1.06222692,   1.69183182,   4.45124271,
          3.36681965],
       [  6.36713619,   2.11118727,   3.41200472,  -4.20733726,
         -2.00213329,  -2.95895635,  -5.46150993,  -1.22187057,
         -1.79170033,   0.70415519,  -1.96860026,  -0.36185605,
         -0.42749899],
       [ -2.99962812,  -3.07126606,   0.99097586,  -2.55592415,
          0.41584882,   4.81517636,   3.04182163,   1.64787843,
         -0.54355727,   1.07762839,   1.6106846 ,   1.60571124,
         -2.72363197],
       [ -0.55311148,  -8.03388762,   0.14644209,   2.85483886,
         -1.18131304,  -1.35815527,  -0.5963079 ,  -1.39465477,
         -0.35418395,   1.17336587,  -0.64129656,  -0.95617315,
         -2.48384979],
       [ -2.68052222,   0.53242795,   2.7927433 ,   4.94082125,
          1.11806473,   0.22316622,  -3.06852889,   0.82546507,
          2.46428239,   2.20955247,  -1.36770871,   1.01777059,
         -2.94750555],
       [ -6.9098207 ,   7.93120471,  -1.05793907,  -2.74120102,
          1.38893783,   2.53487379,   4.17517776,   0.27611141,
         -1.30659623,   0.39753022,   0.34533584,  -4.11252175,
          4.26408097],
       [  1.79093827,   0.40477326,  -6.68525169,  -0.7290564 ,
          1.6068475 ,  -0.33138995,   0.0636189 ,  -1.92873768,
          2.38163183,   3.50044123,  -0.23216332,  -1.30520258,
          6.58954037],
       [ -7.24362908,  -7.85655221,   6.84849833,   3.3937419 ,
         -0.96886353,   0.87410353,   0.78421993,   1.95780721,
         -1.13057903,   1.06047069,  -2.78695694,   0.85485608,
         -0.71374122],
       [  0.65326588,   3.97254632,  -4.78372992,  -2.98032942,
          0.40968243,   0.42871516,   2.54118727,   0.74487895,
         -3.81362388,  -0.28573584,   1.99501139,   2.52656939,
         -1.01478599],
       [  9.67636161,   0.89519161,  -1.96678394,  -3.51873007,
         -3.60045313,  -3.63472538,  -7.59264469,  -1.49154692,
         -0.14368122,  -0.60476307,  -1.44558822,  -0.41030974,
          3.72457123],
       [  0.41527517,  -1.86113181,  -0.56884773,   0.40082477,
         -0.5298776 ,  -0.72250116,  -1.78597997,  -1.21624762,
         -1.60329213,  -1.6096272 ,  -1.73228277,  -2.5729069 ,
          0.25661766],
       [ -0.44926011,   1.85624162,   2.46788382,   3.47666023,
          1.67124452,   0.03047762,   1.8686102 ,  -1.56005035,
         -6.09228033,  -4.4407453 ,  -1.2762971 ,  -3.48893789,
          3.41633814],
       [-10.15208892,  -7.73644312,  -0.72575943,  -2.5236576 ,
         -0.11618197,   0.4690606 ,   1.30161214,  -0.71330547,
          3.78773425,   0.63873726,  -1.36983014,   3.70146748,
         -4.32489996],
       [ -1.60499363,   0.79376607,   1.70513244,  -1.4909895 ,
          0.9215106 ,  -3.24906436,  -4.30637059,  -3.01759576,
          0.74694503,  -2.09940404,   4.85139888,  -5.45630016,
         -5.29515207],
       [  2.36339886,  -5.90346541,  -0.48678805,   1.70141577,
         -2.57505864,  -2.30304286,  -2.9103174 ,  -3.6128482 ,
          0.31348879,   0.35591715,  -0.64807609,   0.49283799,
         -0.61382265],
       [  1.96589482,  -1.49309662,  -0.54753543,  -1.9658704 ,
         -2.2275519 ,  -0.19280747,  -1.52027006,  -2.04369669,
         -0.44847217,  -1.0000555 ,   0.92814887,  -0.4544907 ,
         -0.81476776],
       [ 10.6965762 ,   0.17515644,  -4.43234187,   2.55547463,
          0.63256529,   2.83681885,  -3.48385372,   0.26146832,
          4.1937571 ,   3.72621318,  -8.1491602 ,  -1.29128711,
          2.65918924],
       [ 10.43573167,  -2.73558525,   0.98614777,   1.15238094,
          0.25415616,  -1.95310324,  -4.77063733,  -2.63998336,
          2.5264508 ,  -1.39613589,   0.80816311,   2.90979773,
          0.47988213],
       [  3.07439792,   0.3970751 ,   0.04052339,   0.38565751,
          1.11811406,   4.04045654,  -0.81002839,   2.19664577,
         -3.13757834,  -2.76317772,  -1.23784913,  -5.61264863,
          3.11497378],
       [  9.13374443,  -7.59428371,  -5.14224564,  -0.54329729,
         -0.30081408,   0.0438502 ,  -2.38449231,   0.58180712,
         -1.17808051,  -0.49104136,   5.33472486,   0.25243977,
          0.30757168],
       [ -9.10235279,   1.15140789,  -3.82471062,  -1.93120319,
         -1.94960258,  -0.34903222,  -2.97338995,   4.16545108,
         -1.97874591,   0.59329302,   0.77275148,  -1.69652403,
         -2.59163812],
       [  1.46176018,   0.03803819,  -1.3096832 ,   1.28848361,
          2.11957916,   1.44359661,   1.51435633,   2.83385501,
          2.16359131,   0.9836645 ,  -1.67598159,   0.0324338 ,
         -0.50682548],
       [ -4.72058301,  -1.61618599,   4.29669898,   0.71883969,
         -4.33888458,  -1.90981206,  -4.4166109 ,  -2.09019201,
          3.92847065,   0.46613051,  -3.85779088,   6.70845699,
         -3.81489192]]), array([[ 0.1201742 , -2.18466251,  4.69863044,  0.37074864, -0.38033141,
         0.11049981, -1.72977389, -0.7710671 ,  3.95177912, -2.722615  ,
        -2.04618928, -2.65795686, -0.57033285, -1.21249307,  1.53722427,
        -0.451991  , -1.97065999, -0.40980698,  0.62453384, -4.22961621,
        -2.20407924, -0.56164664,  2.00503807,  4.12155432,  0.10513507,
        -1.286319  ],
       [ 1.64461741,  0.78298111,  0.54947739,  1.02579709, -1.23497982,
         0.67133311,  0.01233821, -2.88390692, -0.71940319, -0.49763709,
        -0.29957413,  0.59551801,  2.45897384, -0.74171011, -0.12842676,
         0.54681493, -1.24178961,  0.2237062 , -1.15977391,  0.21991886,
        -0.38373865, -1.23142567,  0.64763032, -2.16824357,  0.80494331,
        -1.79977509],
       [ 3.31312235, -3.04173628, -1.29688459, -0.7517892 , -1.4690572 ,
         3.28463354, -5.37237496,  0.37725878,  3.02770664, -2.58080687,
        -3.36484581, -0.83677109, -5.34521547, -2.32019671,  3.40283576,
        -4.03889121,  2.67392348, -3.56229087, -2.7459946 ,  3.45233137,
         1.31620913,  0.96103081, -4.5238273 , -2.58703711, -0.66855993,
         0.21862872],
       [-3.42291667, -4.83955563,  0.24832245, -1.07083264,  0.02039479,
         0.08237746,  2.49480051, -1.29856058,  0.80870531,  0.80736966,
        -0.49029349, -3.84492861,  3.43218125,  0.35241298, -2.12431281,
         1.79674984, -2.66800295,  5.69595722,  0.64695641, -5.40849333,
        -0.96696679, -0.88980649,  1.27629137,  4.4488179 , -2.07706834,
         0.20535026],
       [-0.45888906, -0.49843821, -3.54749593, -4.84498711,  1.16247393,
        -0.47355496, -1.34691356,  0.23767201,  2.47847414, -0.10179489,
         3.88559666, -2.64141516,  1.29520618, -0.6341329 ,  2.29737119,
         0.13017401, -0.87065506,  1.33342515, -0.1229716 ,  2.66799417,
         4.34553204,  0.42530007, -0.38493019, -2.68508685, -3.84573311,
         2.73527889],
       [ 2.29535647, -2.97496629,  0.9226339 ,  1.61688154, -2.77253555,
         3.18152064, -3.20201938, -1.62850746,  3.0540647 , -0.51623469,
        -4.24504269, -0.42475543, -2.98037632,  1.29404004,  2.34778306,
        -3.22363668,  1.52422476, -3.13847263, -0.60182055,  1.44975703,
        -2.99133776,  0.17589611, -4.26254784,  1.45835065,  1.1306257 ,
        -1.93810244],
       [ 1.07247341,  0.31710763, -3.205837  , -1.05452407, -1.76841311,
         1.85797791,  0.59983748, -1.6299517 ,  2.33805702, -2.51146594,
        -3.86663158,  2.11922019, -0.44174828,  2.94332676,  3.21906422,
        -2.61700527,  4.58826976,  3.1529266 ,  2.3789522 ,  4.559912  ,
        -4.89537923, -2.04622386, -3.57495238, -0.44904814, -0.14402029,
         4.3819244 ],
       [ 1.89206783,  0.58866228, -2.04956442, -1.46231254,  0.52940024,
        -2.69464405, -0.5137801 ,  0.22699669, -0.65112122, -1.35186697,
        -2.07872196, -1.5894724 ,  1.53860488,  0.14352225,  0.05358522,
         1.2309644 , -2.49936422, -1.57295068,  1.2534991 ,  1.25049348,
         2.28274269, -0.3712425 ,  0.17802155,  1.03510693,  0.78621751,
         1.25056964],
       [-2.10384965, -3.51595035,  2.64714015, -2.50705048,  2.84824637,
        -0.59351527,  0.85958187,  3.8478893 ,  2.74598217,  1.54448723,
         3.64194237,  2.48727431,  4.27333423, -1.55606038, -2.09635059,
         4.68484055, -2.78200884, -4.54920644,  0.42253923, -3.99881296,
        -0.96665602, -0.58527593, -1.38799088,  0.90398918, -0.01901349,
        -0.87008471],
       [ 4.09695592, -0.70711484,  2.38751472,  5.88113136, -0.73966674,
        -2.4114351 , -2.5835881 , -2.6383216 ,  1.87550196,  3.4994853 ,
        -5.73693651, -2.49442455, -3.46614773, -0.88036082,  2.45017825,
        -2.28637343, -5.83040071, -1.14326921, -0.54645017,  4.34359464,
        -3.98701107, -5.3938934 , -1.8893826 , -0.08476114, -0.44983665,
        -2.30657858],
       [ 3.80088617,  1.09523691, -3.20889519,  1.25779546, -2.92638232,
         1.17923618,  1.13851182, -0.84927976,  4.9555231 , -4.38670151,
        -3.82868534,  2.30207308, -0.11327261,  4.46122651,  1.86614043,
        -4.29532753,  2.59470073,  4.97888554,  2.20053793,  3.69468542,
        -5.53027502, -4.02804302, -3.20093317,  0.13030533,  0.96498057,
         5.07843093],
       [-0.99952784, -0.69092099,  1.5113294 , -1.44866777,  1.01326051,
        -1.54923754, -2.70628627, -0.17801005,  1.17578942,  1.35355135,
        -1.17051785,  0.14205906,  0.36841877, -0.74142264, -0.35133637,
        -2.44146962,  0.81662392, -0.36346729,  2.28549048,  0.42459826,
         0.10893565,  1.00663669, -0.25421584,  0.30654934, -2.03958734,
        -0.82971371],
       [ 2.22353322,  0.04924814, -1.33510184, -0.36358878, -3.43106236,
         1.79824791, -1.08390699, -2.47573289,  4.40089276, -2.46899674,
        -1.83113606,  1.68128827, -3.6362307 ,  1.2067327 ,  3.90241031,
        -6.62474141,  4.15475498,  1.27371204,  0.39037064,  2.64087117,
         1.06001771, -0.5724004 , -2.28961854, -0.73865534, -1.76448414,
         1.69572287]]), array([[ -9.47145788,  -2.61722614,  -9.87362418, -17.80753242,
         -7.12746974,  -7.20654944,  -7.6773045 ,   5.51688127,
          8.64843138, -17.00239285, -12.14989916,   4.26620549,
         -7.00588598]])], [array([[-0.70662918],
       [ 1.73016026],
       [ 0.18683967],
       [ 1.24984648],
       [-0.15067458],
       [-0.1040474 ],
       [-0.93915309],
       [ 1.12223097],
       [-3.832982  ],
       [-0.5822707 ],
       [ 0.89315197],
       [-0.58530183],
       [ 0.35427213],
       [ 0.85886663],
       [-3.75279152],
       [-0.77318608],
       [ 0.84310324],
       [-0.89529716],
       [-0.32584251],
       [-1.34074664],
       [-0.85706725],
       [ 1.19064226],
       [-0.498908  ],
       [ 0.57887932],
       [ 0.07421499],
       [-0.29397162]]), array([[ 0.24786086],
       [-0.42081712],
       [ 0.38510967],
       [-0.13143676],
       [-1.52864407],
       [ 0.77489649],
       [ 0.38073134],
       [-1.16691803],
       [ 0.18142276],
       [-0.60183768],
       [ 1.38691729],
       [ 1.24244991],
       [ 0.90116179]]), array([[-2.64057988]])])