([11, 22, 11, 1], [array([[  8.72243380e+00,   2.36857271e+01,  -5.76415496e+00,
         -3.88582132e+00,  -5.35596133e+00,   1.04323800e+00,
          1.65754194e+00,   9.84374515e-02,   7.21523886e-01,
         -1.79905016e+00,  -1.34732436e+00],
       [ -1.60058053e+01,  -1.42527464e+01,   5.19526628e+00,
          1.19925600e+01,   2.30157257e+00,  -2.82918441e+00,
         -2.74612121e+00,   3.92934308e+00,  -1.10941494e+00,
          5.67020166e+00,   4.64306455e+00],
       [ -2.31898949e+00,   8.49083668e-01,  -1.06783478e+01,
          2.89715431e+00,  -7.27365455e+00,   7.39022129e+00,
          1.08611278e+01,  -6.74044579e+00,   2.20489720e+00,
         -9.67737715e+00,   9.83661130e+00],
       [ -6.65052282e+00,   2.34898312e+00,  -2.85503086e+00,
         -1.24035595e+01,   1.08732005e+01,   2.41324638e+01,
          1.25268777e+00,   1.40294931e+00,  -3.71281841e+00,
          1.73882231e+00,  -1.98393596e+00],
       [ -7.44746696e+00,  -1.14866240e+01,  -2.54451300e+00,
         -9.37551782e-02,  -1.29156042e+01,  -6.59343687e+00,
          7.39688573e+00,   1.75770899e+00,   1.05332873e-02,
          6.51978184e+00,   8.11303094e+00],
       [  8.66008232e+00,   1.49754062e+01,   7.65685355e-01,
          4.82451557e+00,   2.82839941e+00,   1.47473278e+00,
         -6.30305473e+00,  -1.11473369e+01,  -6.96252753e+00,
          6.89111833e+00,   6.04860072e+00],
       [  6.51358214e+00,   4.40666563e+00,  -9.76648183e+00,
          6.08664582e+00,   1.63951442e+00,  -6.98781796e-01,
         -6.31265471e-01,  -8.83446074e+00,  -2.78611813e+00,
          7.93796360e+00,   1.18748127e+01],
       [ -1.09747882e+00,   9.11665794e+00,  -1.24481273e+01,
         -1.11654530e+00,  -1.44737741e+00,   1.59548208e+00,
         -1.39921643e+01,  -2.94947795e-02,  -6.25278166e-02,
         -8.23415202e+00,   2.17643579e+00],
       [  5.94293292e+00,   5.35997587e+00,   1.66377763e+00,
         -6.37829540e+00,  -4.85896714e+00,   7.21734176e+00,
          1.05724413e+01,  -8.19075465e+00,   4.50977208e-01,
          3.15615441e+00,   4.92579640e+00],
       [  1.22440726e+01,   1.89566848e+01,  -3.65609051e+00,
          9.81552421e+00,  -6.31166526e+00,  -6.16191773e+00,
         -7.66897233e-01,  -7.04304567e+00,   3.81387499e+00,
          9.45971517e+00,  -1.42073371e+01],
       [ -7.34011649e+00,   5.91554758e+00,   1.15471725e+00,
         -9.36107057e+00,   2.44922795e+00,  -1.07306044e-03,
         -1.31852677e+01,  -6.04200045e+00,  -9.15691562e+00,
         -4.49122368e+00,  -7.66708757e-01],
       [ -1.85679040e+01,   1.68482001e+01,   5.49561534e+00,
          1.32694389e+00,   9.59007212e+00,   1.96468064e-01,
          6.33696485e-01,  -3.37264174e+00,   2.64461639e+00,
          6.63199971e+00,  -6.57041747e-01],
       [ -2.27560256e+01,  -2.17293531e+01,  -6.17865208e+00,
          6.90308513e+00,   4.45925693e-01,   7.03833523e+00,
          1.04348689e+01,  -5.39951147e+00,  -8.62847972e+00,
         -3.72231083e+00,  -1.12187855e+01],
       [  2.18924801e+01,  -1.54513890e+01,  -5.90145857e+00,
         -7.47845847e-01,   2.60498724e+00,  -6.13612132e+00,
          2.61027783e+00,   1.58429331e+00,  -3.66478355e+00,
         -8.44165083e+00,   6.83685100e+00],
       [ -1.35980651e+01,   4.23205131e+00,   1.40503861e+00,
         -3.34056998e+00,   1.09320932e+01,   1.14696541e+01,
         -3.21108916e+00,   3.52072814e+00,  -1.82045181e+00,
         -7.98543397e+00,  -1.43500057e-01],
       [  4.86004634e+00,  -7.15483154e+00,  -2.92993096e+00,
         -2.40497403e+00,  -2.25464914e+00,  -1.67577809e+01,
         -1.09580885e+01,  -3.65207305e+00,  -5.31704765e+00,
         -1.68550406e+00,  -9.17596349e-01],
       [ -1.06032673e+01,   7.56559919e+00,  -1.95741284e+00,
          1.99479558e+00,  -1.82115132e+00,   4.79981998e+00,
         -3.52944996e-01,  -6.36284434e+00,  -5.47055499e+00,
         -5.06291107e+00,  -1.72851914e+01],
       [ -2.53695076e+01,  -5.66400215e+00,  -3.83873126e+00,
          5.64027524e-01,   3.26237841e+00,   3.09924834e+00,
         -2.13905858e+00,  -3.33435631e+00,  -9.41165935e-02,
          7.03166029e+00,   4.29733741e+00],
       [  1.21028704e+01,  -1.18183758e+01,   1.15155858e+00,
         -8.55436803e+00,  -1.20053307e+01,  -3.15461974e+01,
          4.13222569e-01,  -1.71533212e+00,  -2.38831384e+00,
         -1.65516285e+00,  -1.38493739e+00],
       [ -5.77545424e+00,  -6.63219059e-01,  -1.64853876e+00,
          4.42848507e+00,  -5.70158648e-01,  -5.55714866e+00,
          6.44805825e+00,  -6.64423882e+00,   2.53443509e+00,
         -3.32210154e+00,  -1.80850710e+01],
       [  5.67213818e-01,   5.22448005e-01,  -4.89584621e-02,
          3.78093316e+00,   6.66697644e+00,  -6.77376087e-01,
         -1.09539443e+01,  -7.67750109e+00,  -1.06522117e+01,
          2.93521288e+00,   6.31340959e+00],
       [  6.61886314e+00,   1.14702922e+01,   8.11682063e-01,
         -4.46044267e+00,  -3.54211732e+00,  -1.07316562e+01,
         -2.85805608e+01,  -7.71962935e+00,  -8.20991462e+00,
         -3.90310467e+00,  -9.53537769e+00]]), array([[ 10.34013826,  -1.62253482,  -4.73407125,   2.56097039,
          4.02507272,  -4.5114626 ,   4.28261448,   4.61084379,
         -1.0321824 ,   3.95156338,   1.64421927,   4.46949228,
          3.05037086,  -5.74240435,   5.61194295,   9.24765171,
          3.58452798,  -4.25357458,  -1.17418991,   2.12144802,
          5.32275378,   1.22692907],
       [  6.82883613,  -2.62847522,  -3.27611406,  -3.18945105,
         13.82588289,  -0.1611149 ,   1.91886592,  -7.93043396,
         -5.45812108,  -7.14906293,  -0.79615454,  -3.80092184,
         -0.44060924,  -9.58245944,   3.33534356,  12.65257211,
          5.79398493,  -2.32009645,  12.72898459,  -0.04627926,
          5.54360821,  -4.68510972],
       [  9.52492234,  -0.1544263 ,  -6.1778475 ,  -7.38855631,
          2.4213169 ,   2.51671492,   1.6025838 ,   7.95037467,
          0.34919778,   2.77380181,   0.84027998,   5.81188206,
          1.6650249 ,  -2.33260972,  -4.3793771 ,   4.19474859,
         10.76730287,  -5.63226137,   3.38690155,   3.47737126,
          0.65538896,   2.11764187],
       [  6.02165158,  -8.09488988,   5.18864488,  -1.79597829,
          0.01689262,   2.77257698,   0.25378633,   0.73629206,
         -7.60170188,   8.87423747,   1.47901727,   4.3413254 ,
          0.93994068,  -7.29856205,  -3.39516163,   5.18327983,
          6.73816448,   4.589382  ,  -0.58425087,  -5.43738106,
         -1.80905352,   5.26931266],
       [  0.61866648,   4.80353292,  -7.69803388,   8.86944233,
         -0.11813113,  -1.7819118 ,  -3.22279732,  -1.94020209,
         -0.39049388,   5.23900798, -11.59155594,   4.93370259,
          1.43968528,   0.25007622,   7.46607647,  -2.77209535,
         -1.63683422,   8.34623673,   3.87889711,  -1.40193372,
         -7.3301235 , -10.62856616],
       [  8.6376202 ,  -4.66443315,  -2.08530417, -10.90116964,
          3.13050013,   6.61935288,   8.65362065,   8.71194998,
          5.13954156,   3.84102154,   5.02078269,  -6.79862179,
         -6.42788456,   5.22334227,  -1.43615298,   5.40690568,
          2.64091496,  -6.35524195,   9.48889745,   4.02442254,
          6.84253462,  -5.56655969],
       [  2.69157324,  -4.91806634,  -1.44456807,  -9.54617534,
          1.51895064,  -2.11433182,   5.85232749,   6.25142336,
         10.6179268 ,   1.69509404,   0.56928994,  -5.70523788,
         -2.77170017,  -7.44703115, -10.73906237,  -4.23716612,
          5.36721584,  -4.52499025,  -0.65082925,  -3.11931345,
          3.62170618,   7.87311383],
       [ 10.38122736,  -1.10189665,   2.69920773,   1.46975781,
          3.89765895,   6.58211874,  -3.79092777,   3.21885067,
         -5.2859516 ,   3.61705654,   1.06538859,   4.60994198,
         -2.22189937,  -8.78063613,  -0.89765929,   2.74373059,
          8.19769514,  -0.26645257,  -9.43754736,   7.33775043,
         -2.06413506,   3.95090932],
       [ -6.74803066,   7.70687469,  -0.30384012,   2.19358374,
         -9.3334279 ,  -6.52184418,  -0.98191135,   0.48183844,
          3.7381899 ,   8.2554829 ,   6.02758245,  -9.12015481,
         11.65969816,   0.29805551,   4.77298587, -16.19824139,
         -7.98911126,   6.0523779 ,  -8.71460865,   2.64589364,
         -4.27283006,  10.98597675],
       [ -3.09758379,   0.44166096,  -0.73555331,   0.0878636 ,
          0.18775385,   0.98820511,   2.25221854,  -2.00639815,
          1.10018908,   1.34070687,  -1.13835966,  -2.53786111,
         -0.4880176 ,   1.52032906,  -1.45268213,   2.78043291,
         -7.00537799,  -5.04567425,   1.31824812,  -1.9027421 ,
          2.3625905 ,  -4.73253831],
       [ -1.20206721, -10.32963733,   8.36947315,  -6.31089928,
         -4.18617706,   4.1485005 ,   7.36801961,  -5.97434856,
          4.60101554,   4.64203461,  -6.16615443,   6.77707251,
         -6.08216838, -10.3289147 ,   0.87467243,  -0.69206335,
          7.78401096,   4.82746965,   2.7871351 , -12.86569751,
          1.38060278,  -5.83868655]]), array([[-10.68101912, -15.08069044,  -8.91865498,  21.55498012,
        -14.08678842, -17.38398674,  11.18244301, -14.48664459,
         15.26036462,  -6.44691941, -21.09173607]])], [array([[-3.57222554],
       [ 3.63789528],
       [ 0.76188367],
       [-7.11314698],
       [-1.245817  ],
       [ 2.63769843],
       [-0.81615606],
       [ 4.46591138],
       [ 2.69986579],
       [ 0.12165576],
       [-2.07833882],
       [-6.51838507],
       [ 3.40021107],
       [-7.46370498],
       [-8.48354781],
       [ 5.20264674],
       [ 2.97693064],
       [ 6.20971718],
       [-6.10823443],
       [-0.1377696 ],
       [-5.82324826],
       [ 2.24446707]]), array([[-10.48826605],
       [ -0.51288698],
       [  5.0882735 ],
       [  2.66298807],
       [  3.73125919],
       [ -2.80410459],
       [  3.44098784],
       [ -9.84054829],
       [ -2.08429549],
       [  0.14139487],
       [  0.11503915]]), array([[ 4.75077172]])])